{
    "intrinsic_calibration": {
        "sensors": {
            "RGB": {
                "intrinsics": {
                    "type_id": "opencv-matrix",
                    "rows": 3,
                    "cols": 3,
                    "dt": "d",
                    "data": [
                        980.730566905375,
                        0.0,
                        1026.840173555503,
                        0.0,
                        980.4878839306359,
                        770.4731581073256,
                        0.0,
                        0.0,
                        1.0
                    ]
                },
                "distortionCoefficients": {
                    "type_id": "opencv-matrix",
                    "rows": 1,
                    "cols": 8,
                    "dt": "d",
                    "data": [
                        2.4934782954409567,
                        -3.9009393563130934,
                        -0.0004085500912387243,
                        -0.0002142716677381688,
                        1.6942239777502304,
                        2.354931562536944,
                        -3.812436110704044,
                        1.6886531862593144
                    ]
                }
            }
        }
    },
    "extrinsic_calibration": {
        "ref2DevClock": "0",
        "ref2DevTransform": {
            "type_id": "opencv-matrix",
            "rows": 4,
            "cols": 4,
            "dt": "d",
            "data": [
                0.7102232997308081,
                -0.26620923202041447,
                0.6517020095922552,
                -1102.2271165492443,
                0.30423109190617903,
                0.9508988338275985,
                0.05687574652597795,
                -340.9917280315113,
                -0.6348435297276462,
                0.15787353360336986,
                0.7563396328042904,
                -352.74682196688184,
                0.0,
                0.0,
                0.0,
                1.0
            ]
        },
        "inlierRatio": 0.0,
        "inlierRMSE": 0.0010926659648824927
    },
    "factory_calibration": {
        "sensors": {
            "Infrared": {
                "intrinsics": {
                    "type_id": "opencv-matrix",
                    "rows": 3,
                    "cols": 3,
                    "dt": "d",
                    "data": [
                        504.28759765625,
                        0.0,
                        325.8194580078125,
                        0.0,
                        504.3338317871094,
                        323.4438781738281,
                        0.0,
                        0.0,
                        1.0
                    ]
                },
                "distortionCoefficients": {
                    "type_id": "opencv-matrix",
                    "rows": 8,
                    "cols": 1,
                    "dt": "d",
                    "data": [
                        0.26750999689102173,
                        -0.061031922698020935,
                        7.260814891196787e-05,
                        0.00012575395521707833,
                        -0.0007263320730999112,
                        0.6097160577774048,
                        -0.04487680271267891,
                        -0.011743111535906792
                    ]
                },
                "extrinsics": {
                    "type_id": "opencv-matrix",
                    "rows": 4,
                    "cols": 4,
                    "dt": "d",
                    "data": [
                        0.999995630542366,
                        -0.0029437436920422035,
                        -0.0003384598514945326,
                        32.03401982680449,
                        0.0028983272907246596,
                        0.9954808391822082,
                        -0.09491808342423616,
                        2.4608568488400118,
                        0.0006163448487014242,
                        0.09491668879862893,
                        0.9954850498047539,
                        -3.897737988989963,
                        0.0,
                        0.0,
                        0.0,
                        1.0
                    ]
                }
            },
            "RGB": {
                "intrinsics": {
                    "type_id": "opencv-matrix",
                    "rows": 3,
                    "cols": 3,
                    "dt": "d",
                    "data": [
                        979.6566772460938,
                        0.0,
                        1024.256103515625,
                        0.0,
                        979.7958984375,
                        773.555908203125,
                        0.0,
                        0.0,
                        1.0
                    ]
                },
                "distortionCoefficients": {
                    "type_id": "opencv-matrix",
                    "rows": 8,
                    "cols": 1,
                    "dt": "d",
                    "data": [
                        0.21557879447937012,
                        -2.4680228233337402,
                        0.0002152603556169197,
                        -0.0001935729815158993,
                        1.5400351285934448,
                        0.09540262073278427,
                        -2.275580883026123,
                        1.4545351266860962
                    ]
                },
                "extrinsics": {
                    "type_id": "opencv-matrix",
                    "rows": 4,
                    "cols": 4,
                    "dt": "d",
                    "data": [
                        1.0,
                        0.0,
                        0.0,
                        0.0,
                        0.0,
                        1.0,
                        0.0,
                        0.0,
                        0.0,
                        0.0,
                        1.0,
                        0.0,
                        0.0,
                        0.0,
                        0.0,
                        1.0
                    ]
                }
            }
        }
    }
}