{
    "intrinsic_calibration": {
        "sensors": {
            "RGB": {
                "intrinsics": {
                    "type_id": "opencv-matrix",
                    "rows": 3,
                    "cols": 3,
                    "dt": "d",
                    "data": [
                        974.6075135958189,
                        0.0,
                        1024.4382497415756,
                        0.0,
                        974.017592474444,
                        773.666843982545,
                        0.0,
                        0.0,
                        1.0
                    ]
                },
                "distortionCoefficients": {
                    "type_id": "opencv-matrix",
                    "rows": 1,
                    "cols": 8,
                    "dt": "d",
                    "data": [
                        2.345125217260919,
                        -3.994621526424087,
                        0.0001736047884162736,
                        -0.0002892737330992539,
                        1.7840028914530017,
                        2.208761351918879,
                        -3.8883291586996056,
                        1.7649010406212013
                    ]
                }
            }
        }
    },
    "extrinsic_calibration": {
        "ref2DevClock": "6",
        "ref2DevTransform": {
            "type_id": "opencv-matrix",
            "rows": 4,
            "cols": 4,
            "dt": "d",
            "data": [
                0.8162618919308012,
                0.2508729589712264,
                -0.5203645666631909,
                732.458026615335,
                -0.2882361985667242,
                0.9575123253613739,
                0.009488973435439793,
                -198.35992612894182,
                0.5006360131046836,
                0.14224241715492564,
                0.8538914902635879,
                -630.0800015129723,
                0.0,
                0.0,
                0.0,
                1.0
            ]
        },
        "inlierRatio": 0.0,
        "inlierRMSE": 0.0012966738946255578
    },
    "factory_calibration": {
        "sensors": {
            "Infrared": {
                "intrinsics": {
                    "type_id": "opencv-matrix",
                    "rows": 3,
                    "cols": 3,
                    "dt": "d",
                    "data": [
                        504.21234130859375,
                        0.0,
                        326.9359130859375,
                        0.0,
                        504.2361755371094,
                        321.9037780761719,
                        0.0,
                        0.0,
                        1.0
                    ]
                },
                "distortionCoefficients": {
                    "type_id": "opencv-matrix",
                    "rows": 8,
                    "cols": 1,
                    "dt": "d",
                    "data": [
                        7.105952739715576,
                        4.873471260070801,
                        -5.1298786274855956e-05,
                        6.65287152514793e-05,
                        0.25444740056991577,
                        7.430737495422363,
                        7.265246391296387,
                        1.3337461948394775
                    ]
                },
                "extrinsics": {
                    "type_id": "opencv-matrix",
                    "rows": 4,
                    "cols": 4,
                    "dt": "d",
                    "data": [
                        0.9999841113223763,
                        -0.005633357375423521,
                        9.244188229819546e-05,
                        32.02496827721712,
                        0.005615118323588285,
                        0.9951319130397165,
                        -0.09839181411695708,
                        2.6198216592404,
                        0.00046228439223558194,
                        0.09839077204056754,
                        0.9951477331587224,
                        -3.9648291202039125,
                        0.0,
                        0.0,
                        0.0,
                        1.0
                    ]
                }
            },
            "RGB": {
                "intrinsics": {
                    "type_id": "opencv-matrix",
                    "rows": 3,
                    "cols": 3,
                    "dt": "d",
                    "data": [
                        976.0445556640625,
                        0.0,
                        1022.0614013671875,
                        0.0,
                        975.8447265625,
                        775.5985717773438,
                        0.0,
                        0.0,
                        1.0
                    ]
                },
                "distortionCoefficients": {
                    "type_id": "opencv-matrix",
                    "rows": 8,
                    "cols": 1,
                    "dt": "d",
                    "data": [
                        0.13804705440998077,
                        -2.563929557800293,
                        0.001110955374315381,
                        -0.0003722790570463985,
                        1.671810507774353,
                        0.018572522327303886,
                        -2.3607542514801025,
                        1.5768203735351562
                    ]
                },
                "extrinsics": {
                    "type_id": "opencv-matrix",
                    "rows": 4,
                    "cols": 4,
                    "dt": "d",
                    "data": [
                        1.0,
                        0.0,
                        0.0,
                        0.0,
                        0.0,
                        1.0,
                        0.0,
                        0.0,
                        0.0,
                        0.0,
                        1.0,
                        0.0,
                        0.0,
                        0.0,
                        0.0,
                        1.0
                    ]
                }
            }
        }
    }
}