{
    "intrinsic_calibration": {
        "sensors": {
            "RGB": {
                "intrinsics": {
                    "type_id": "opencv-matrix",
                    "rows": 3,
                    "cols": 3,
                    "dt": "d",
                    "data": [
                        972.9758991120062,
                        0.0,
                        1021.4739700608044,
                        0.0,
                        972.2919861645189,
                        771.8015710330512,
                        0.0,
                        0.0,
                        1.0
                    ]
                },
                "distortionCoefficients": {
                    "type_id": "opencv-matrix",
                    "rows": 1,
                    "cols": 8,
                    "dt": "d",
                    "data": [
                        2.4829250753261016,
                        -3.751370248833405,
                        0.0001667418128355981,
                        -3.8702969921654816e-05,
                        1.5781007466891093,
                        2.3494635902421894,
                        -3.6692736627486,
                        1.5743658092193467
                    ]
                }
            }
        }
    },
    "extrinsic_calibration": {
        "ref2DevClock": "-1",
        "ref2DevTransform": {
            "type_id": "opencv-matrix",
            "rows": 4,
            "cols": 4,
            "dt": "d",
            "data": [
                -0.7358687157039722,
                0.2520091737008363,
                -0.6284811927327724,
                1064.337690021484,
                -0.2799179766681057,
                0.7319242020244419,
                0.6212349707066701,
                -1158.8777120096804,
                0.6165575071201553,
                0.6330705638880275,
                -0.4680582245322416,
                1492.5487160762807,
                0.0,
                0.0,
                0.0,
                1.0
            ]
        },
        "inlierRatio": 0.0,
        "inlierRMSE": 0.0014573123941453556
    },
    "factory_calibration": {
        "sensors": {
            "Infrared": {
                "intrinsics": {
                    "type_id": "opencv-matrix",
                    "rows": 3,
                    "cols": 3,
                    "dt": "d",
                    "data": [
                        504.15020751953125,
                        0.0,
                        321.34173583984375,
                        0.0,
                        504.20794677734375,
                        323.083984375,
                        0.0,
                        0.0,
                        1.0
                    ]
                },
                "distortionCoefficients": {
                    "type_id": "opencv-matrix",
                    "rows": 8,
                    "cols": 1,
                    "dt": "d",
                    "data": [
                        3.496838092803955,
                        2.7360594272613525,
                        -6.707473949063569e-05,
                        6.948197551537305e-05,
                        0.1558273583650589,
                        3.8254477977752686,
                        3.892451047897339,
                        0.7895539402961731
                    ]
                },
                "extrinsics": {
                    "type_id": "opencv-matrix",
                    "rows": 4,
                    "cols": 4,
                    "dt": "d",
                    "data": [
                        0.999983492830125,
                        -0.005517394755482209,
                        0.0016049101333544208,
                        32.061680267315516,
                        0.005643587408718872,
                        0.9955774252704487,
                        -0.09377478987427129,
                        2.5202379085901203,
                        -0.001080419782887077,
                        0.09378229836594985,
                        0.995592166693914,
                        -3.9266693491094022,
                        0.0,
                        0.0,
                        0.0,
                        1.0
                    ]
                }
            },
            "RGB": {
                "intrinsics": {
                    "type_id": "opencv-matrix",
                    "rows": 3,
                    "cols": 3,
                    "dt": "d",
                    "data": [
                        976.307861328125,
                        0.0,
                        1019.1796875,
                        0.0,
                        975.9937133789062,
                        775.11474609375,
                        0.0,
                        0.0,
                        1.0
                    ]
                },
                "distortionCoefficients": {
                    "type_id": "opencv-matrix",
                    "rows": 8,
                    "cols": 1,
                    "dt": "d",
                    "data": [
                        0.4233161211013794,
                        -2.386378526687622,
                        0.0010767909698188305,
                        -0.0003749821335077286,
                        1.343291997909546,
                        0.30664223432540894,
                        -2.222109317779541,
                        1.278451919555664
                    ]
                },
                "extrinsics": {
                    "type_id": "opencv-matrix",
                    "rows": 4,
                    "cols": 4,
                    "dt": "d",
                    "data": [
                        1.0,
                        0.0,
                        0.0,
                        0.0,
                        0.0,
                        1.0,
                        0.0,
                        0.0,
                        0.0,
                        0.0,
                        1.0,
                        0.0,
                        0.0,
                        0.0,
                        0.0,
                        1.0
                    ]
                }
            }
        }
    }
}